image: racetrack_bw.png
resolution: 0.05
origin: [-11.54447495404412, -28.906710230422178, 0.0]
negate: 0
occupied_thresh: 0.65
free_thresh: 0.196
